===============CAMERA MATRIX===============
[[688.32981535   0.         399.73760407]
 [  0.         693.39476642 229.01366837]
 [  0.           0.           1.        ]]
===============DISTANCE COEFFICIENTS===============
[[-0.46325548  0.39960969 -0.00700461 -0.00760831 -0.3348135 ]]
===============ROTATION VECTORS===============
[[[-0.7403499 ]
  [ 0.58274953]
  [ 1.24738629]]

 [[-0.57127351]
  [-0.77564103]
  [-1.35487777]]

 [[-0.60937652]
  [-0.69686486]
  [-1.17755222]]

 [[-0.63056647]
  [-0.69631842]
  [-1.02640127]]

 [[ 1.01089936]
  [ 0.95517173]
  [-1.22004167]]

 [[-0.6645012 ]
  [-0.95390788]
  [-1.4396553 ]]

 [[-0.48320119]
  [-0.74555694]
  [-1.5094723 ]]

 [[-0.37069059]
  [-0.63566572]
  [-1.55918669]]

 [[-0.85021161]
  [ 0.4132406 ]
  [ 1.12427004]]

 [[-0.60855108]
  [-0.65922994]
  [-1.14164917]]

 [[-0.74883804]
  [-0.88594991]
  [-1.42476713]]

 [[-0.43360531]
  [-0.63729615]
  [-1.50290743]]

 [[-0.67681829]
  [-1.12381021]
  [-1.25310231]]

 [[-0.68836603]
  [-0.92376294]
  [-1.41817524]]

 [[-0.60385296]
  [-0.80618265]
  [-1.46290843]]

 [[-0.51818054]
  [-0.70023353]
  [-1.49262764]]

 [[-0.44931213]
  [-0.62174755]
  [-1.5106191 ]]

 [[-0.95279976]
  [ 0.52381375]
  [ 1.08849958]]

 [[-0.51187086]
  [-0.93088351]
  [-1.52075706]]]
===============TRANSLATION VECTORS===============
[[[ 2.33409013e+00]
  [-5.58628087e+00]
  [ 1.99650270e+01]]

 [[-6.83665653e+00]
  [-1.52314455e-01]
  [ 1.46692913e+01]]

 [[-7.12309045e+00]
  [-1.18419889e+00]
  [ 1.46135454e+01]]

 [[-7.27601442e+00]
  [-1.95801311e+00]
  [ 1.40673987e+01]]

 [[-8.06637865e+00]
  [-2.28339564e+00]
  [ 2.04809791e+01]]

 [[-7.32640419e+00]
  [ 1.04260216e+00]
  [ 1.47601667e+01]]

 [[-7.31753324e+00]
  [ 5.18592165e-01]
  [ 1.47188155e+01]]

 [[-7.39184761e+00]
  [-5.38357551e-03]
  [ 1.48079788e+01]]

 [[ 1.24604433e+00]
  [-5.51257469e+00]
  [ 2.07103458e+01]]

 [[-7.72811598e+00]
  [-1.48184886e+00]
  [ 1.48004974e+01]]

 [[-7.30460803e+00]
  [-4.65293770e-01]
  [ 1.41760988e+01]]

 [[-7.45818562e+00]
  [-2.22963449e-01]
  [ 1.58474980e+01]]

 [[-7.02422412e+00]
  [-2.62069251e-01]
  [ 1.28563734e+01]]

 [[-7.16625983e+00]
  [ 1.74076365e+00]
  [ 1.33049735e+01]]

 [[-7.15461970e+00]
  [ 1.62740250e+00]
  [ 1.31957644e+01]]

 [[-7.13769778e+00]
  [ 1.43070279e+00]
  [ 1.30029796e+01]]

 [[-7.15790953e+00]
  [ 1.25185122e+00]
  [ 1.27403358e+01]]

 [[ 1.37661952e+00]
  [-4.42426098e+00]
  [ 2.15018129e+01]]

 [[-6.44849354e+00]
  [ 6.92560932e-01]
  [ 1.38601208e+01]]]
